s (1,1) 69
s (2,1) 23
s (3,1) 46
s (4,1) 71
s (5,1) 19
s (6,1) 33
s (7,1) 85
s (8,1) 36
s (9,1) 87
s (10,1) 26
s (11,1) 70
s (12,1) 84
s (13,1) 94
s (14,1) 78
s (15,1) 20
s (16,1) 61
s (17,1) 62
s (18,1) 3
s (19,1) 89
s (20,1) 73
s (21,1) 26
s (22,1) 86
s (23,1) 21
s (24,1) 91
s (25,1) 14
s (26,1) 74
s (27,1) 73
s (28,1) 50
s (29,1) 45
s (30,1) 3
s (31,1) 62
s (32,1) 66
s (33,1) 29
s (34,1) 84
s (35,1) 84
s (36,1) 51
s (37,1) 59
s (38,1) 58
s (39,1) 33
s (40,1) 31
s (41,1) 9
s (42,1) 3
s (43,1) 66
s (44,1) 30
s (45,1) 53
s (46,1) 56
s (47,1) 98
s (48,1) 91
s (49,1) 17
s (50,1) 28
s (1,10) 51
s (2,10) 81
s (3,10) 64
s (4,10) 55
s (5,10) 64
s (6,10) 21
s (7,10) 18
s (8,10) 63
s (9,10) 94
s (10,10) 40
s (11,10) 98
s (12,10) 76
s (13,10) 73
s (14,10) 21
s (15,10) 38
s (16,10) 33
s (17,10) 46
s (18,10) 27
s (19,10) 61
s (20,10) 79
s (21,10) 31
s (22,10) 96
s (23,10) 40
s (24,10) 37
s (25,10) 71
s (26,10) 67
s (27,10) 9
s (28,10) 51
s (29,10) 84
s (30,10) 95
s (31,10) 35
s (32,10) 12
s (33,10) 85
s (34,10) 100
s (35,10) 22
s (36,10) 10
s (37,10) 96
s (38,10) 7
s (39,10) 17
s (40,10) 34
s (41,10) 31
s (42,10) 91
s (43,10) 33
s (44,10) 77
s (45,10) 92
s (46,10) 32
s (47,10) 58
s (48,10) 96
s (49,10) 70
s (50,10) 84
