s (1,1) 32
s (2,1) 41
s (3,1) 65
s (4,1) 40
s (5,1) 58
s (6,1) 16
s (7,1) 10
s (8,1) 87
s (9,1) 23
s (10,1) 64
s (11,1) 39
s (12,1) 52
s (13,1) 31
s (14,1) 87
s (15,1) 99
s (16,1) 45
s (17,1) 98
s (18,1) 15
s (19,1) 90
s (20,1) 73
s (21,1) 100
s (22,1) 75
s (23,1) 42
s (24,1) 73
s (25,1) 9
s (26,1) 84
s (27,1) 65
s (28,1) 55
s (29,1) 91
s (30,1) 79
s (31,1) 48
s (32,1) 91
s (33,1) 17
s (34,1) 11
s (35,1) 72
s (36,1) 44
s (37,1) 4
s (38,1) 72
s (39,1) 24
s (40,1) 5
s (41,1) 26
s (42,1) 49
s (43,1) 15
s (44,1) 49
s (45,1) 53
s (46,1) 91
s (47,1) 36
s (48,1) 57
s (49,1) 2
s (50,1) 61
s (1,20) 79
s (2,20) 36
s (3,20) 40
s (4,20) 60
s (5,20) 18
s (6,20) 85
s (7,20) 92
s (8,20) 48
s (9,20) 38
s (10,20) 84
s (11,20) 14
s (12,20) 5
s (13,20) 52
s (14,20) 16
s (15,20) 14
s (16,20) 38
s (17,20) 32
s (18,20) 4
s (19,20) 68
s (20,20) 92
s (21,20) 97
s (22,20) 46
s (23,20) 86
s (24,20) 42
s (25,20) 22
s (26,20) 98
s (27,20) 3
s (28,20) 7
s (29,20) 5
s (30,20) 62
s (31,20) 33
s (32,20) 73
s (33,20) 63
s (34,20) 8
s (35,20) 48
s (36,20) 34
s (37,20) 40
s (38,20) 1
s (39,20) 37
s (40,20) 63
s (41,20) 46
s (42,20) 25
s (43,20) 75
s (44,20) 10
s (45,20) 66
s (46,20) 70
s (47,20) 78
s (48,20) 94
s (49,20) 68
s (50,20) 68
