s (1,1) 42
s (2,1) 21
s (3,1) 55
s (4,1) 73
s (5,1) 35
s (6,1) 56
s (7,1) 77
s (8,1) 51
s (9,1) 9
s (10,1) 12
s (11,1) 91
s (12,1) 95
s (13,1) 35
s (14,1) 97
s (15,1) 6
s (16,1) 58
s (17,1) 17
s (18,1) 78
s (19,1) 75
s (20,1) 20
s (21,1) 69
s (22,1) 55
s (23,1) 29
s (24,1) 38
s (25,1) 15
s (26,1) 35
s (27,1) 83
s (28,1) 5
s (29,1) 69
s (30,1) 6
s (31,1) 84
s (32,1) 28
s (33,1) 35
s (34,1) 76
s (35,1) 74
s (36,1) 93
s (37,1) 100
s (38,1) 55
s (39,1) 93
s (40,1) 60
s (41,1) 50
s (42,1) 73
s (43,1) 50
s (44,1) 62
s (45,1) 73
s (46,1) 83
s (47,1) 73
s (48,1) 34
s (49,1) 16
s (50,1) 46
s (1,40) 58
s (2,40) 49
s (3,40) 13
s (4,40) 55
s (5,40) 79
s (6,40) 5
s (7,40) 44
s (8,40) 90
s (9,40) 80
s (10,40) 44
s (11,40) 41
s (12,40) 30
s (13,40) 67
s (14,40) 23
s (15,40) 4
s (16,40) 2
s (17,40) 67
s (18,40) 93
s (19,40) 26
s (20,40) 9
s (21,40) 33
s (22,40) 100
s (23,40) 24
s (24,40) 98
s (25,40) 56
s (26,40) 30
s (27,40) 77
s (28,40) 9
s (29,40) 20
s (30,40) 17
s (31,40) 75
s (32,40) 60
s (33,40) 60
s (34,40) 3
s (35,40) 99
s (36,40) 38
s (37,40) 7
s (38,40) 14
s (39,40) 60
s (40,40) 98
s (41,40) 2
s (42,40) 1
s (43,40) 47
s (44,40) 96
s (45,40) 43
s (46,40) 96
s (47,40) 21
s (48,40) 86
s (49,40) 55
s (50,40) 59
