s 12 28
s 13 26
s 21 77
s 30 31
s 32 22
s 38 80
s 40 33
s 41 34
s 43 19
s 44 100
s 45 36
s 52 61
s 53 76
s 55 33
s 63 32
s 64 51
s 67 78
s 75 71
s 76 45
s 83 54
s 84 87
s 89 93
s 96 16
1 2 64
1 7 50
1 11 44
1 20 25
1 21 28
1 27 94
1 30 38
1 34 34
1 39 95
1 66 86
1 68 100
1 70 79
1 74 62
1 77 45
1 89 47
1 92 63
1 93 93
1 97 38
2 1 64
2 3 36
2 6 87
2 13 17
2 17 74
2 20 84
2 29 12
2 31 48
2 32 61
2 34 42
2 51 17
2 65 48
2 66 90
2 70 58
2 73 79
2 76 62
2 79 27
2 84 26
2 89 93
2 94 94
2 95 75
3 2 36
3 9 64
3 11 93
3 14 31
3 20 70
3 22 97
3 23 16
3 24 51
3 35 52
3 38 64
3 42 72
3 45 43
3 48 67
3 51 35
3 69 18
3 70 33
3 73 28
3 75 75
3 82 24
3 84 40
3 91 59
3 98 87
4 10 63
4 11 35
4 17 83
4 19 64
4 23 48
4 25 79
4 37 61
4 41 23
4 49 56
4 58 21
4 59 91
4 65 75
4 70 65
4 77 29
4 84 49
4 87 100
4 92 35
5 17 48
5 22 78
5 24 68
5 29 13
5 39 92
5 42 87
5 45 43
5 46 28
5 51 66
5 62 59
5 65 29
5 68 87
5 72 82
5 75 34
5 77 19
5 84 33
5 85 11
5 88 68
5 90 17
5 99 37
6 2 87
6 16 93
6 17 48
6 22 80
6 23 50
6 25 31
6 32 62
6 34 65
6 36 93
6 38 68
6 39 38
6 40 96
6 42 94
6 43 11
6 44 68
6 45 42
6 52 84
6 56 12
6 57 83
6 59 80
6 64 66
6 67 40
6 79 22
6 84 62
6 89 99
6 90 43
6 91 66
6 92 33
6 95 52
6 96 25
7 1 50
7 13 43
7 19 27
7 24 81
7 28 68
7 41 18
7 42 50
7 45 45
7 46 95
7 48 65
7 50 50
7 55 38
7 67 24
7 68 53
7 70 68
7 77 73
7 78 45
7 88 24
7 92 11
7 94 20
7 98 98
8 9 50
8 10 77
8 13 19
8 19 20
8 21 46
8 27 60
8 28 54
8 29 71
8 32 76
8 33 98
8 39 88
8 55 95
8 63 42
8 65 12
8 72 45
8 79 54
8 81 97
8 82 49
8 83 86
8 85 11
8 90 37
8 92 27
8 94 56
8 95 75
8 97 82
9 3 64
9 8 50
9 12 93
9 17 22
9 22 22
9 28 47
9 31 71
9 35 31
9 40 100
9 42 33
9 51 25
9 55 61
9 58 78
9 61 14
9 65 94
9 68 18
9 78 61
9 79 35
9 82 52
9 83 16
9 90 64
9 93 81
9 95 68
9 96 40
10 4 63
10 8 77
10 12 38
10 14 92
10 15 93
10 16 25
10 19 42
10 22 70
10 23 94
10 26 90
10 27 93
10 38 26
10 42 49
10 45 18
10 46 29
10 58 60
10 61 11
10 62 81
10 63 14
10 67 36
10 77 44
10 79 56
10 88 100
10 95 13
10 98 37
11 1 44
11 3 93
11 4 35
11 18 60
11 19 14
11 22 63
11 23 64
11 26 83
11 33 23
11 37 91
11 39 55
11 45 59
11 53 16
11 57 63
11 60 38
11 62 32
11 67 46
11 70 45
11 71 39
11 80 33
11 82 63
11 90 97
11 93 34
11 95 96
12 9 93
12 10 38
12 15 86
12 16 11
12 30 47
12 31 67
12 33 38
12 35 78
12 46 53
12 48 19
12 55 61
12 57 88
12 60 89
12 64 43
12 65 46
12 66 73
12 70 22
12 72 40
12 76 57
12 79 83
12 86 67
12 88 43
12 92 49
12 94 74
12 95 11
13 2 17
13 7 43
13 8 19
13 16 44
13 18 88
13 20 65
13 22 86
13 23 46
13 25 50
13 38 73
13 44 48
13 45 44
13 46 70
13 60 39
13 64 68
13 66 80
13 68 45
13 74 38
13 82 12
13 91 62
13 93 86
13 97 19
14 3 31
14 10 92
14 15 91
14 16 65
14 25 89
14 32 20
14 43 99
14 49 55
14 51 28
14 52 79
14 55 79
14 58 86
14 59 14
14 63 27
14 69 79
14 76 48
14 79 46
14 85 48
14 87 27
14 88 57
14 90 12
14 94 33
14 97 48
15 10 93
15 12 86
15 14 91
15 17 74
15 20 52
15 22 53
15 23 15
15 24 45
15 27 41
15 30 60
15 31 88
15 33 39
15 43 40
15 46 48
15 49 45
15 50 78
15 51 87
15 58 33
15 62 69
15 63 24
15 65 70
15 66 73
15 70 84
15 71 51
15 72 18
15 73 78
15 84 44
15 86 63
15 91 19
15 96 58
15 98 17
16 6 93
16 10 25
16 12 11
16 13 44
16 14 65
16 17 57
16 23 74
16 29 59
16 33 53
16 48 51
16 69 57
16 86 50
16 89 63
16 90 73
16 97 57
17 2 74
17 4 83
17 5 48
17 6 48
17 9 22
17 15 74
17 16 57
17 22 35
17 24 31
17 26 62
17 27 53
17 29 84
17 31 42
17 35 19
17 36 51
17 41 45
17 46 71
17 55 98
17 67 36
17 73 41
17 74 35
17 80 98
17 83 29
17 91 63
17 93 16
17 98 28
18 11 60
18 13 88
18 25 93
18 28 90
18 29 49
18 31 33
18 34 68
18 40 79
18 47 64
18 48 49
18 60 91
18 61 67
18 80 41
18 87 49
18 96 50
19 4 64
19 7 27
19 8 20
19 10 42
19 11 14
19 35 35
19 38 39
19 39 86
19 43 79
19 47 58
19 49 99
19 57 85
19 59 73
19 66 27
19 68 66
19 73 35
19 77 63
19 82 97
19 87 24
19 88 55
20 1 25
20 2 84
20 3 70
20 13 65
20 15 52
20 22 47
20 25 38
20 29 86
20 31 88
20 35 17
20 36 95
20 42 85
20 44 19
20 48 62
20 49 68
20 53 91
20 56 63
20 57 68
20 62 51
20 66 85
20 71 84
20 76 25
20 81 17
20 83 22
20 90 50
20 96 58
21 1 28
21 8 46
21 22 64
21 38 86
21 40 19
21 46 82
21 54 17
21 59 63
21 72 25
21 76 20
21 85 89
21 87 70
21 92 92
21 93 99
21 99 73
22 3 97
22 5 78
22 6 80
22 9 22
22 10 70
22 11 63
22 13 86
22 15 53
22 17 35
22 20 47
22 21 64
22 23 70
22 34 82
22 38 72
22 39 33
22 45 98
22 52 15
22 61 53
22 64 95
22 66 34
22 79 62
22 80 18
22 88 63
22 96 56
23 3 16
23 4 48
23 6 50
23 10 94
23 11 64
23 13 46
23 15 15
23 16 74
23 22 70
23 24 71
23 43 89
23 60 42
23 70 98
23 75 87
23 92 12
23 97 70
23 99 50
24 3 51
24 5 68
24 7 81
24 15 45
24 17 31
24 23 71
24 31 74
24 36 24
24 38 60
24 39 63
24 40 85
24 61 60
24 68 10
24 70 33
24 93 89
24 94 99
25 4 79
25 6 31
25 13 50
25 14 89
25 18 93
25 20 38
25 30 33
25 37 73
25 38 99
25 48 31
25 49 65
25 50 79
25 55 52
25 59 43
25 63 43
25 77 79
25 78 45
25 80 83
25 85 99
25 87 17
25 89 91
25 95 17
26 10 90
26 11 83
26 17 62
26 30 61
26 31 42
26 36 55
26 43 44
26 47 58
26 51 63
26 54 91
26 57 74
26 59 28
26 63 84
26 74 72
26 77 27
26 92 11
27 1 94
27 8 60
27 10 93
27 15 41
27 17 53
27 29 12
27 32 66
27 35 64
27 39 94
27 42 19
27 45 82
27 47 68
27 56 91
27 60 34
27 62 58
27 79 20
28 7 68
28 8 54
28 9 47
28 18 90
28 30 14
28 36 48
28 40 20
28 41 23
28 48 32
28 49 100
28 53 53
28 54 85
28 56 94
28 57 78
28 62 58
28 66 29
28 78 45
28 79 96
28 80 52
28 83 64
28 84 20
28 85 24
28 90 94
28 92 46
28 98 32
29 2 12
29 5 13
29 8 71
29 16 59
29 17 84
29 18 49
29 20 86
29 27 12
29 30 13
29 34 63
29 36 91
29 42 89
29 43 22
29 54 85
29 64 57
29 73 62
29 75 19
29 77 77
29 79 17
29 81 34
29 84 87
29 85 81
29 88 50
30 1 38
30 12 47
30 15 60
30 25 33
30 26 61
30 28 14
30 29 13
30 32 92
30 34 66
30 37 90
30 38 30
30 55 23
30 64 97
30 65 23
30 71 18
30 77 44
30 79 56
30 88 71
30 89 96
31 2 48
31 9 71
31 12 67
31 15 88
31 17 42
31 18 33
31 20 88
31 24 74
31 26 42
31 32 13
31 45 25
31 46 56
31 49 84
31 50 97
31 75 84
31 78 25
31 90 94
31 94 61
31 96 96
31 99 36
32 2 61
32 6 62
32 8 76
32 14 20
32 27 66
32 30 92
32 31 13
32 33 62
32 34 83
32 36 66
32 40 69
32 55 93
32 69 51
32 71 76
32 77 71
32 78 61
32 91 72
32 93 24
32 96 21
32 97 71
33 8 98
33 11 23
33 12 38
33 15 39
33 16 53
33 32 62
33 37 67
33 38 64
33 39 70
33 40 18
33 42 40
33 47 59
33 56 82
33 62 89
33 74 90
33 79 43
33 83 19
33 97 20
33 99 11
34 1 34
34 2 42
34 6 65
34 18 68
34 22 82
34 29 63
34 30 66
34 32 83
34 43 35
34 49 95
34 51 98
34 55 60
34 61 23
34 63 80
34 74 56
34 75 11
34 88 45
34 91 93
34 96 86
34 97 47
35 3 52
35 9 31
35 12 78
35 17 19
35 19 35
35 20 17
35 27 64
35 42 22
35 48 39
35 57 15
35 60 56
35 72 33
35 98 28
36 6 93
36 17 51
36 20 95
36 24 24
36 26 55
36 28 48
36 29 91
36 32 66
36 45 13
36 56 38
36 61 73
36 62 65
36 74 42
36 75 55
36 84 75
36 85 14
36 88 78
36 89 63
36 97 72
37 4 61
37 11 91
37 25 73
37 30 90
37 33 67
37 38 63
37 42 37
37 45 74
37 50 22
37 51 95
37 57 71
37 66 94
37 74 94
37 75 14
37 76 35
37 82 10
37 95 14
38 3 64
38 6 68
38 10 26
38 13 73
38 19 39
38 21 86
38 22 72
38 24 60
38 25 99
38 30 30
38 33 64
38 37 63
38 40 43
38 47 82
38 52 21
38 53 43
38 54 14
38 58 18
38 60 25
38 71 83
38 72 32
38 98 29
38 99 14
39 1 95
39 5 92
39 6 38
39 8 88
39 11 55
39 19 86
39 22 33
39 24 63
39 27 94
39 33 70
39 46 100
39 60 100
39 69 42
39 73 89
39 74 81
39 81 70
39 82 66
39 89 83
40 6 96
40 9 100
40 18 79
40 21 19
40 24 85
40 28 20
40 32 69
40 33 18
40 38 43
40 42 32
40 44 23
40 45 34
40 48 99
40 50 35
40 56 42
40 60 41
40 67 51
40 69 46
40 71 98
40 75 74
40 76 35
40 77 73
40 81 19
40 82 68
40 85 33
40 87 80
40 90 68
40 91 61
40 93 99
40 98 88
41 4 23
41 7 18
41 17 45
41 28 23
41 44 92
41 48 57
41 54 25
41 63 66
41 66 32
41 73 88
41 85 75
41 90 96
41 95 31
42 3 72
42 5 87
42 6 94
42 7 50
42 9 33
42 10 49
42 20 85
42 27 19
42 29 89
42 33 40
42 35 22
42 37 37
42 40 32
42 43 85
42 51 97
42 54 52
42 61 68
42 65 49
42 66 55
42 70 18
42 72 27
42 79 28
42 82 37
42 90 21
43 6 11
43 14 99
43 15 40
43 19 79
43 23 89
43 26 44
43 29 22
43 34 35
43 42 85
43 44 96
43 45 95
43 49 16
43 55 19
43 60 57
43 66 95
43 67 44
43 72 94
43 78 89
43 79 17
43 84 58
43 88 18
43 89 60
43 94 92
43 95 12
43 98 13
43 99 79
44 6 68
44 13 48
44 20 19
44 40 23
44 41 92
44 43 96
44 49 79
44 60 24
44 69 37
44 72 44
44 77 49
44 78 85
44 80 65
44 84 99
44 87 52
45 3 43
45 5 43
45 6 42
45 7 45
45 10 18
45 11 59
45 13 44
45 22 98
45 27 82
45 31 25
45 36 13
45 37 74
45 40 34
45 43 95
45 46 83
45 51 47
45 53 66
45 55 40
45 57 87
45 60 11
45 73 90
45 86 66
45 90 96
45 98 26
46 5 28
46 7 95
46 10 29
46 12 53
46 13 70
46 15 48
46 17 71
46 21 82
46 31 56
46 39 100
46 45 83
46 52 48
46 56 70
46 57 24
46 64 48
46 65 91
46 67 48
46 70 100
46 74 45
46 84 33
46 89 95
46 92 83
47 18 64
47 19 58
47 26 58
47 27 68
47 33 59
47 38 82
47 52 80
47 57 20
47 69 76
47 71 61
47 73 15
47 79 84
47 83 50
47 97 53
48 3 67
48 7 65
48 12 19
48 16 51
48 18 49
48 20 62
48 25 31
48 28 32
48 35 39
48 40 99
48 41 57
48 49 33
48 51 49
48 56 31
48 61 93
48 68 18
48 71 86
48 78 87
48 90 63
48 92 84
48 99 74
49 4 56
49 14 55
49 15 45
49 19 99
49 20 68
49 25 65
49 28 100
49 31 84
49 34 95
49 43 16
49 44 79
49 48 33
49 56 36
49 57 20
49 58 41
49 59 77
49 61 55
49 63 47
49 70 32
49 73 58
49 78 86
49 79 33
49 81 56
49 84 64
49 87 28
49 88 51
49 89 52
49 94 36
50 7 50
50 15 78
50 25 79
50 31 97
50 37 22
50 40 35
50 62 14
50 74 14
50 81 27
50 87 41
50 93 43
51 2 17
51 3 35
51 5 66
51 9 25
51 14 28
51 15 87
51 26 63
51 34 98
51 37 95
51 42 97
51 45 47
51 48 49
51 57 94
51 58 94
51 60 51
51 66 11
51 90 35
51 91 66
52 6 84
52 14 79
52 22 15
52 38 21
52 46 48
52 47 80
52 55 21
52 64 96
52 76 88
52 81 60
52 82 58
52 85 20
52 89 76
52 90 63
52 96 88
53 11 16
53 20 91
53 28 53
53 38 43
53 45 66
53 61 21
53 62 91
53 67 10
53 71 24
53 76 13
53 80 39
53 81 85
53 85 11
53 86 75
53 90 48
53 96 58
54 21 17
54 26 91
54 28 85
54 29 85
54 38 14
54 41 25
54 42 52
54 56 25
54 63 61
54 64 64
54 68 72
54 71 35
54 89 51
54 90 92
54 91 97
54 95 74
54 97 17
54 99 70
55 7 38
55 8 95
55 9 61
55 12 61
55 14 79
55 17 98
55 25 52
55 30 23
55 32 93
55 34 60
55 43 19
55 45 40
55 52 21
55 56 58
55 59 85
55 61 53
55 65 42
55 69 10
55 71 12
55 75 18
55 76 68
55 85 68
55 90 44
56 6 12
56 20 63
56 27 91
56 28 94
56 33 82
56 36 38
56 40 42
56 46 70
56 48 31
56 49 36
56 54 25
56 55 58
56 58 94
56 60 26
56 67 22
56 68 23
56 71 85
56 72 89
56 81 24
56 86 100
56 87 83
56 90 31
56 92 87
56 95 38
57 6 83
57 11 63
57 12 88
57 19 85
57 20 68
57 26 74
57 28 78
57 35 15
57 37 71
57 45 87
57 46 24
57 47 20
57 49 20
57 51 94
57 58 88
57 61 48
57 66 35
57 68 21
57 83 59
57 88 38
57 95 89
57 97 89
58 4 21
58 9 78
58 10 60
58 14 86
58 15 33
58 38 18
58 49 41
58 51 94
58 56 94
58 57 88
58 60 34
58 63 27
58 75 56
58 81 25
58 85 65
58 87 99
58 92 73
58 94 37
58 96 56
59 4 91
59 6 80
59 14 14
59 19 73
59 21 63
59 25 43
59 26 28
59 49 77
59 55 85
59 63 53
59 64 23
59 65 16
59 80 45
59 87 25
60 11 38
60 12 89
60 13 39
60 18 91
60 23 42
60 27 34
60 35 56
60 38 25
60 39 100
60 40 41
60 43 57
60 44 24
60 45 11
60 51 51
60 56 26
60 58 34
60 64 72
60 74 90
60 76 28
61 9 14
61 10 11
61 18 67
61 22 53
61 24 60
61 34 23
61 36 73
61 42 68
61 48 93
61 49 55
61 53 21
61 55 53
61 57 48
61 64 72
61 75 63
61 95 26
62 5 59
62 10 81
62 11 32
62 15 69
62 20 51
62 27 58
62 28 58
62 33 89
62 36 65
62 50 14
62 53 91
62 66 12
62 69 15
62 77 80
62 78 99
62 81 61
62 82 96
62 84 77
62 87 57
62 93 34
63 8 42
63 10 14
63 14 27
63 15 24
63 25 43
63 26 84
63 34 80
63 41 66
63 49 47
63 54 61
63 58 27
63 59 53
63 77 98
63 86 38
63 88 51
63 98 100
64 6 66
64 12 43
64 13 68
64 22 95
64 29 57
64 30 97
64 46 48
64 52 96
64 54 64
64 59 23
64 60 72
64 61 72
64 71 91
64 72 12
64 73 100
64 75 57
64 88 24
64 96 34
65 2 48
65 4 75
65 5 29
65 8 12
65 9 94
65 12 46
65 15 70
65 30 23
65 42 49
65 46 91
65 55 42
65 59 16
65 67 50
65 73 68
65 74 28
65 90 50
65 91 37
65 92 51
66 1 86
66 2 90
66 12 73
66 13 80
66 15 73
66 19 27
66 20 85
66 22 34
66 28 29
66 37 94
66 41 32
66 42 55
66 43 95
66 51 11
66 57 35
66 62 12
66 67 37
66 81 69
66 82 26
66 94 83
66 97 65
67 6 40
67 7 24
67 10 36
67 11 46
67 17 36
67 40 51
67 43 44
67 46 48
67 53 10
67 56 22
67 65 50
67 66 37
67 68 67
67 72 17
67 74 58
67 75 69
67 80 99
67 87 14
67 95 89
68 1 100
68 5 87
68 7 53
68 9 18
68 13 45
68 19 66
68 24 10
68 48 18
68 54 72
68 56 23
68 57 21
68 67 67
68 69 54
68 75 88
68 78 84
68 79 50
68 90 65
68 98 94
69 3 18
69 14 79
69 16 57
69 32 51
69 39 42
69 40 46
69 44 37
69 47 76
69 55 10
69 62 15
69 68 54
69 70 49
69 73 24
69 77 32
69 80 15
69 86 91
69 87 60
69 98 89
70 1 79
70 2 58
70 3 33
70 4 65
70 7 68
70 11 45
70 12 22
70 15 84
70 23 98
70 24 33
70 42 18
70 46 100
70 49 32
70 69 49
70 79 55
70 80 68
70 87 91
70 90 29
70 91 60
71 11 39
71 15 51
71 20 84
71 30 18
71 32 76
71 38 83
71 40 98
71 47 61
71 48 86
71 53 24
71 54 35
71 55 12
71 56 85
71 64 91
71 76 50
71 81 83
71 83 43
71 89 72
71 92 61
71 97 11
71 98 51
72 5 82
72 8 45
72 12 40
72 15 18
72 21 25
72 35 33
72 38 32
72 42 27
72 43 94
72 44 44
72 56 89
72 64 12
72 67 17
72 73 77
72 74 80
72 76 75
72 80 44
72 82 92
72 83 13
72 97 68
73 2 79
73 3 28
73 15 78
73 17 41
73 19 35
73 29 62
73 39 89
73 41 88
73 45 90
73 47 15
73 49 58
73 64 100
73 65 68
73 69 24
73 72 77
73 89 92
74 1 62
74 13 38
74 17 35
74 26 72
74 33 90
74 34 56
74 36 42
74 37 94
74 39 81
74 46 45
74 50 14
74 60 90
74 65 28
74 67 58
74 72 80
74 89 31
74 90 83
74 91 48
74 97 29
74 98 22
75 3 75
75 5 34
75 23 87
75 29 19
75 31 84
75 34 11
75 36 55
75 37 14
75 40 74
75 55 18
75 58 56
75 61 63
75 64 57
75 67 69
75 68 88
75 77 26
75 81 78
75 82 14
75 89 16
75 92 59
75 96 69
75 97 46
76 2 62
76 12 57
76 14 48
76 20 25
76 21 20
76 37 35
76 40 35
76 52 88
76 53 13
76 55 68
76 60 28
76 71 50
76 72 75
76 80 26
76 82 89
76 87 56
76 90 16
77 1 45
77 4 29
77 5 19
77 7 73
77 10 44
77 19 63
77 25 79
77 26 27
77 29 77
77 30 44
77 32 71
77 40 73
77 44 49
77 62 80
77 63 98
77 69 32
77 75 26
77 78 30
77 82 36
77 90 79
77 95 60
77 96 31
77 97 35
78 7 45
78 9 61
78 25 45
78 28 45
78 31 25
78 32 61
78 43 89
78 44 85
78 48 87
78 49 86
78 62 99
78 68 84
78 77 30
78 90 99
79 2 27
79 6 22
79 8 54
79 9 35
79 10 56
79 12 83
79 14 46
79 22 62
79 27 20
79 28 96
79 29 17
79 30 56
79 33 43
79 42 28
79 43 17
79 47 84
79 49 33
79 68 50
79 70 55
79 86 51
79 90 71
79 92 33
79 97 74
80 11 33
80 17 98
80 18 41
80 22 18
80 25 83
80 28 52
80 44 65
80 53 39
80 59 45
80 67 99
80 69 15
80 70 68
80 72 44
80 76 26
80 83 54
80 92 70
80 94 44
80 99 64
81 8 97
81 20 17
81 29 34
81 39 70
81 40 19
81 49 56
81 50 27
81 52 60
81 53 85
81 56 24
81 58 25
81 62 61
81 66 69
81 71 83
81 75 78
81 82 76
81 92 45
81 94 52
81 96 65
81 99 80
82 3 24
82 8 49
82 9 52
82 11 63
82 13 12
82 19 97
82 37 10
82 39 66
82 40 68
82 42 37
82 52 58
82 62 96
82 66 26
82 72 92
82 75 14
82 76 89
82 77 36
82 81 76
82 95 88
83 8 86
83 9 16
83 17 29
83 20 22
83 28 64
83 33 19
83 47 50
83 57 59
83 71 43
83 72 13
83 80 54
83 96 100
84 2 26
84 3 40
84 4 49
84 5 33
84 6 62
84 15 44
84 28 20
84 29 87
84 36 75
84 43 58
84 44 99
84 46 33
84 49 64
84 62 77
84 86 77
84 93 50
84 95 52
84 97 53
85 5 11
85 8 11
85 14 48
85 21 89
85 25 99
85 28 24
85 29 81
85 36 14
85 40 33
85 41 75
85 52 20
85 53 11
85 55 68
85 58 65
85 86 70
85 87 34
85 94 44
85 97 75
86 12 67
86 15 63
86 16 50
86 45 66
86 53 75
86 56 100
86 63 38
86 69 91
86 79 51
86 84 77
86 85 70
86 90 55
86 98 28
86 99 52
87 4 100
87 14 27
87 18 49
87 19 24
87 21 70
87 25 17
87 40 80
87 44 52
87 49 28
87 50 41
87 56 83
87 58 99
87 59 25
87 62 57
87 67 14
87 69 60
87 70 91
87 76 56
87 85 34
87 92 32
88 5 68
88 7 24
88 10 100
88 12 43
88 14 57
88 19 55
88 22 63
88 29 50
88 30 71
88 34 45
88 36 78
88 43 18
88 49 51
88 57 38
88 63 51
88 64 24
88 91 62
88 95 78
88 96 91
89 1 47
89 2 93
89 6 99
89 16 63
89 25 91
89 30 96
89 36 63
89 39 83
89 43 60
89 46 95
89 49 52
89 52 76
89 54 51
89 71 72
89 73 92
89 74 31
89 75 16
90 5 17
90 6 43
90 8 37
90 9 64
90 11 97
90 14 12
90 16 73
90 20 50
90 28 94
90 31 94
90 40 68
90 41 96
90 42 21
90 45 96
90 48 63
90 51 35
90 52 63
90 53 48
90 54 92
90 55 44
90 56 31
90 65 50
90 68 65
90 70 29
90 74 83
90 76 16
90 77 79
90 78 99
90 79 71
90 86 55
90 91 94
91 3 59
91 6 66
91 13 62
91 15 19
91 17 63
91 32 72
91 34 93
91 40 61
91 51 66
91 54 97
91 65 37
91 70 60
91 74 48
91 88 62
91 90 94
91 92 27
91 97 90
92 1 63
92 4 35
92 6 33
92 7 11
92 8 27
92 12 49
92 21 92
92 23 12
92 26 11
92 28 46
92 46 83
92 48 84
92 56 87
92 58 73
92 65 51
92 71 61
92 75 59
92 79 33
92 80 70
92 81 45
92 87 32
92 91 27
93 1 93
93 9 81
93 11 34
93 13 86
93 17 16
93 21 99
93 24 89
93 32 24
93 40 99
93 50 43
93 62 34
93 84 50
93 95 35
93 97 74
94 2 94
94 7 20
94 8 56
94 12 74
94 14 33
94 24 99
94 31 61
94 43 92
94 49 36
94 58 37
94 66 83
94 80 44
94 81 52
94 85 44
95 2 75
95 6 52
95 8 75
95 9 68
95 10 13
95 11 96
95 12 11
95 25 17
95 37 14
95 41 31
95 43 12
95 54 74
95 56 38
95 57 89
95 61 26
95 67 89
95 77 60
95 82 88
95 84 52
95 88 78
95 93 35
95 96 11
96 6 25
96 9 40
96 15 58
96 18 50
96 20 58
96 22 56
96 31 96
96 32 21
96 34 86
96 52 88
96 53 58
96 58 56
96 64 34
96 75 69
96 77 31
96 81 65
96 83 100
96 88 91
96 95 11
97 1 38
97 8 82
97 13 19
97 14 48
97 16 57
97 23 70
97 32 71
97 33 20
97 34 47
97 36 72
97 47 53
97 54 17
97 57 89
97 66 65
97 71 11
97 72 68
97 74 29
97 75 46
97 77 35
97 79 74
97 84 53
97 85 75
97 91 90
97 93 74
97 98 81
98 3 87
98 7 98
98 10 37
98 15 17
98 17 28
98 28 32
98 35 28
98 38 29
98 40 88
98 43 13
98 45 26
98 63 100
98 68 94
98 69 89
98 71 51
98 74 22
98 86 28
98 97 81
5 t 37
21 t 73
23 t 50
31 t 36
33 t 11
38 t 14
43 t 79
48 t 74
54 t 70
80 t 64
81 t 80
86 t 52
